# ONLY FOR VISUALIZATION
LATSTART = 37.696248
LONSTART = -122.531505
LATEND = 37.808589
LONEND = -122.349329
