## Zone of operation of all transit trips
LATSTART = 37.675016
LATEND = 37.814703
LONSTART = -122.505734
LONEND = -122.385306
